client_id
[4033851 6651403 9814849 ... 2648410 4271947 1129748]
[4033851 6651403 9814849 ... 4271947 1129748 2908510]
[4033851 6651403 9814849 ... 4271947 1129748 2908510]
[4033851 6651403 9814849 ... 4271947 1129748 2908510]
[4033851 6651403 9814849 ... 2010239 4271947 1129748]
[8320017 3170143 2519971 ...  338607 2856801 3667184]
[8320017 9466803 3170143 ... 2678474 7049106 8756202]
[8320017 9466803 3170143 ... 2856801 3717700 2678474]
[8320017 9466803 3170143 ... 2856801 3717700 2678474]
[8320017 3170143 5407849 ... 3667184 3717700 2678474]
